443.56
152.78
449.73
130.63
453.53
117.27
452.96
200.40
189.67
244.82
183.31
107.64
201.94
409.16
208.07
440.12
418.35
314.80
423.19
399.66
306.92
98.30
184.41
199.42
422.37
201.49
198.15
216.74
205.61
411.58
256.91
290.20
285.14
212.91
212.15
218.86
304.91
108.38
395.17
300.26
103.74
197.77
222.37
324.36
93.30
102.82
436.39
205.31
324.48
241.72
405.33
356.20
180.46
414.01
352.10
314.83
428.52
258.63
94.90
419.00
99.15
218.99
229.83
200.86
421.41
337.91
250.82
408.91
438.21
435.19
239.89
307.93
107.95
447.93
216.18
381.09
129.52
303.92
294.54
199.37
222.06
213.44
212.93
152.75
313.65
426.48
207.95
233.26
200.81
236.72
193.14
242.77
376.83
193.94
266.57
321.27
317.40
211.13
335.89
293.06
1033.23
1610.47
1130.12
1723.00
1462.93
927.37
1238.57
1587.87
1066.70
1230.07
1042.92
1409.19
1632.81
1622.86
1424.20
1326.97
1004.56
1033.46
1451.30
1059.44
1668.08
1690.76
1184.40
1215.97
1081.80
1727.41
955.04
1062.59
920.65
950.93
1330.70
1252.68
1271.75
1014.89
1243.16
890.03
1337.38
1571.48
1327.80
1136.65
1042.03
1298.03
1380.72
903.38
1123.49
1573.31
1788.80
1663.96
1065.93
1313.51
1032.60
1629.99
1318.46
1534.64
1148.51
1239.09
1245.46
1416.44
916.67
1032.69
1510.88
674.83
1362.48
1192.67
1518.14
1544.77
888.69
977.19
1655.28
436.58
807.28
1142.28
1123.23
1045.71
1134.90
1332.90
1644.10
1030.56
797.02
1097.61
1587.78
1145.04
1271.51
1682.02
1137.54
1260.36
1112.02
1069.06
1193.08
1534.67
1460.75
1474.90
1204.74
752.61
639.52
1381.88
1095.85
691.57
719.66
1167.60
2283.89
1956.78
1712.58
1541.70
1650.69
2677.92
1228.24
1391.19
1523.25
1639.80
1589.38
1407.81
1400.02
1667.50
2837.27
1637.03
2582.10
1285.61
1677.56
1480.67
1468.83
1466.73
3009.66
1970.11
1745.91
1351.12
1422.20
2558.82
1664.21
1971.80
1052.45
1555.28
1208.65
1763.35
1410.42
2870.63
1035.95
1707.02
1564.46
1633.66
1714.62
1605.68
1346.12
1627.27
1725.08
1672.56
1816.33
3212.95
1887.14
1721.53
1811.02
1251.34
1803.73
2495.50
2836.37
1596.07
1546.43
1293.30
1501.33
1789.76
2461.95
1830.05
1802.39
1339.69
2643.57
1880.62
1662.11
1687.94
1576.61
2092.47
1625.58
1733.12
1498.58
1446.02
1232.96
1595.80
1832.63
1423.56
1574.86
1056.03
2050.61
1577.81
2013.19
2225.04
1713.19
1802.40
2923.12
1227.52
2967.75
1555.99
1851.59
1889.12
2028.10
2830.61
1098.05
1722.40
1621.86
3293.89
1840.03
2178.41
1365.30
1204.48
1117.45
1085.43
1154.85
970.78
815.76
1335.01
1354.65
1452.43
932.75
1152.97
1134.77
986.21
1205.66
1077.91
1131.05
650.34
1082.91
857.21
1393.49
976.49
1018.35
1410.71
1487.20
940.14
1273.16
1485.68
894.55
1039.73
629.72
757.13
875.54
1658.85
1322.16
1001.40
973.30
692.69
1079.73
1153.16
765.31
958.92
1301.74
1338.68
1136.11
1138.91
1334.51
694.48
851.83
1205.20
1562.31
1096.63
887.76
1201.20
668.93
893.18
1238.62
1609.50
796.68
843.20
946.64
1094.21
1875.25
1367.11
662.88
1751.71
1386.45
831.51
845.40
956.17
1341.68
1075.14
1620.06
1302.09
1544.33
1121.12
1246.30
824.04
976.03
1254.62
864.33
1102.18
1101.98
657.09
1222.49
793.66
1651.78
563.64
1033.42
1539.95
908.28
1090.67
751.92
1177.11
1616.40
1169.65
1364.10
913.06
1403.61
1524.76
1624.09
676.84
1465.79
1144.27
1010.99
837.39
1574.69
1201.29
781.79
1268.92
910.59
1163.99
1340.49
1163.19
1271.99
926.29
1823.99
617.29
1422.74
559.29
1156.19
823.89
1017.69
1169.19
794.84
830.09
1313.82
1090.79
520.54
1447.64
578.89
961.29
1137.74
1086.59
929.59
1582.22
979.59
1150.39
1178.59
1100.69
1292.49
1475.19
841.89
658.32
856.49
1626.99
614.09
1239.89
1793.69
831.19
435.16
453.95
525.72
683.20
1139.96
886.44
1142.03
1018.48
542.02
575.53
954.09
903.13
889.23
999.54
1515.75
586.55
996.69
1090.62
1150.78
568.17
895.92
1124.71
1200.01
1187.30
790.09
962.15
1054.83
1438.33
1020.11
523.43
856.66
763.12
456.88
507.88
916.96
923.12
1507.94
889.74
887.08
1515.20
469.13
619.30
559.70
825.18
583.61
572.07
1048.06
1063.94
938.33
1055.82
968.03
881.35
821.59
470.13
1002.40
467.21
938.85
797.71
888.43
700.98
879.03
848.80
654.78
433.69
520.88
835.19
944.59
1451.09
878.06
553.70
1320.63
867.68
1262.23
431.80
628.96
439.69
783.37
704.52
1022.11
641.82
681.38
1080.75
724.85
874.64
474.96
708.37
1489.33
502.42
1191.77
781.67
744.84
1026.38
1020.69
372.96
549.68
424.57
1217.68
1377.79
519.07
919.83
1695.32
1055.43
1174.27
1393.63
1035.06
623.47
1149.01
1172.54
1137.07
1276.72
1286.52
1205.50
1491.62
1068.13
1656.38
1196.43
1030.55
902.52
1486.72
1346.38
925.42
870.00
906.64
1465.55
1177.66
1197.32
1443.98
1141.29
1244.12
887.88
1076.28
1043.32
918.05
920.65
1317.57
1755.40
1332.38
1050.33
1271.75
1266.06
1524.56
1485.94
1140.00
1524.00
1236.12
1280.73
1220.90
1257.34
1136.62
1072.48
1384.10
809.00
1568.48
1169.27
877.30
1627.44
882.80
842.81
1086.35
1779.24
915.41
1163.18
970.37
1520.59
1645.64
894.29
1253.85
1127.55
1296.05
982.79
1481.01
563.39
1149.66
648.59
1366.15
1128.39
1321.80
791.45
1447.43
1204.06
1142.98
763.25
1186.93
1326.36
1449.08
1065.26
1476.41
1186.87
1116.46
1483.80
624.67
1086.93
780.42
1120.09
1563.46
1321.87
968.15
1285.28
1262.52
832.24
1691.89
1795.38
2002.95
1741.40
2431.51
2184.97
1873.44
2572.16
1985.23
2579.12
2069.40
2410.62
1961.34
2662.25
2199.34
2051.57
2036.28
1880.56
1957.05
2631.84
2548.15
1914.98
1721.08
2580.85
1848.21
2464.72
1778.76
1898.07
2276.05
2151.35
2133.75
1830.84
2433.36
2562.37
2047.33
2199.17
2226.72
2091.33
2394.77
2250.05
1827.41
2073.81
2501.27
1790.04
1878.21
2233.83
2510.42
2200.90
2108.39
1979.73
2264.58
2082.62
1995.17
2385.20
2133.22
2720.00
2473.22
1787.56
2220.75
1967.66
2477.10
2560.46
2562.32
2041.56
2586.15
2733.29
2486.56
2350.43
2241.86
2232.82
2033.93
1796.21
2444.64
2651.97
2253.88
1930.01
2276.04
2082.09
2091.31
2213.16
2112.35
1640.12
1894.13
2359.74
1693.04
1699.93
2175.94
1680.66
2179.67
2063.59
2263.99
2171.38
2071.10
1944.53
1955.21
1947.60
2203.72
1956.92
2135.29
2084.77
1630.63
1224.93
1320.34
2317.11
1542.11
920.07
1649.14
1745.90
847.64
1298.87
2751.94
1687.72
1810.64
1785.06
1629.59
2031.42
1674.78
2799.48
2299.11
1667.80
2306.69
2781.42
1711.33
1856.13
1496.61
1413.16
2183.74
1274.96
2054.36
1567.06
3435.08
2478.90
1838.70
1231.36
1526.23
2900.91
1086.17
1974.05
1457.64
457.26
2223.66
1836.22
1370.15
868.27
1243.98
1747.94
2468.23
902.38
3182.07
1754.05
2799.79
1271.35
1316.76
2661.70
2722.63
1329.82
1467.25
2662.62
1357.07
3749.76
1796.50
1153.28
798.99
229.28
1344.53
1581.61
1261.88
3208.24
1653.99
1290.80
1613.53
1465.11
1366.54
548.99
2174.85
1844.51
1558.48
2401.71
676.10
1402.87
1050.85
1513.88
2474.94
1704.94
770.42
1726.62
1359.29
1572.15
1203.10
2277.34
2103.34
908.57
1414.21
1224.15
1469.75
2429.25
3237.97
1625.16
1104.16
1370.11
1786.01
2754.96
2904.34
2260.83
3105.18
2805.79
2972.92
2430.88
1399.32
1881.64
1458.68
1018.64
904.71
1421.00
1375.89
1855.25
1632.45
1529.38
1414.07
1954.96
1127.33
1527.48
2074.62
1222.90
1475.28
2520.08
985.58
1642.94
1823.33
1877.40
602.85
1586.96
1529.90
1252.66
861.34
2470.88
1091.38
910.05
3130.94
1436.74
742.90
1721.62
956.07
1874.41
1406.16
2491.32
1945.82
1190.21
1023.63
1594.97
2294.93
1459.58
1919.45
2538.90
1439.27
760.71
2025.95
698.00
1528.88
1840.00
2291.09
771.06
517.97
2224.36
1709.54
1438.92
1364.68
1878.72
1500.32
2539.14
1847.04
2579.16
1021.26
1967.84
1293.92
2171.22
1900.52
3692.82
2900.72
2857.33
1608.79
3408.86
1829.37
1770.62
2993.71
1641.06
688.71
1124.63
1036.66
1581.04
2176.74
1862.21
1627.85
1290.92
1306.27
1393.21
1933.78
2680.19
1600.40
1892.20
1528.96
2028.76
2312.01
1468.96
1276.99
2203.20
1786.95
2694.08
2374.67
2176.79
1439.96
1705.95
2628.32
1567.00
3249.34
2766.16
2131.58
3013.80
2324.51
1683.16
1281.93
3043.51
2551.04
2204.31
1212.27
2798.03
916.45
810.30
1497.92
1742.64
2016.90
1323.24
1325.04
2021.63
2217.64
1693.97
1831.89
2036.31
3160.41
1860.24
1994.69
2201.11
1863.43
1561.78
2126.26
1842.94
1457.07
2281.62
3170.16
3052.68
853.83
1020.59
2991.33
2952.86
1637.36
3527.06
2071.98
3644.77
1741.50
3242.86
1045.73
2042.25
1139.79
1783.56
2683.77
2493.79
1325.31
1703.68
1108.73
1883.27
2151.34
944.94
2286.37
3125.24
1160.13
1396.81
2012.01
3161.16
1859.78
1253.64
846.68
1112.14
1055.41
1346.07
1689.39
893.22
2346.79
1284.20
1638.69
2181.88
2480.34
1210.60
2312.69
1727.61
1366.11
1537.24
905.68
1500.26
1106.20
2367.58
1268.02
1543.10
953.56
2638.34
1400.93
1777.78
1809.94
2748.84
1202.39
2160.34
2124.45
1134.30
904.74
2335.62
2721.51
1202.39
1664.84
1609.68
2129.67
1816.82
2470.29
1607.57
799.08
1401.72
2216.44
1912.39
1549.24
2483.49
1731.52
1248.51
2791.28
1116.27
1658.06
1492.59
1338.71
511.05
1213.06
1944.41
2058.18
890.20
3165.71
1223.95
1487.32
1622.61
2323.14
1709.12
516.30
893.80
2169.54
1968.27
1461.32
1286.09
1871.90
1356.54
1680.96
2202.98
1670.81
1440.32
1423.24
2144.32
1764.65
1645.53
2802.60
1550.40
2397.05
1733.79
2377.41
1146.00
2172.91
1614.09
1645.19
1379.37
3558.80
859.33
2556.52
1403.82
3164.12
1956.50
1640.56
2109.70
1560.47
3132.54
1606.69
1583.38
1137.15
2190.15
1266.40
1628.36
1779.17
2502.57
1744.09
1261.15
967.72
1345.41
1518.10
1251.76
1717.94
2055.80
2001.97
1546.56
1654.95
1590.41
378.88
2340.24
1459.34
1616.67
2674.71
2237.16
1868.47
1141.30
977.41
1492.94
1071.55
2025.41
2557.99
2512.26
617.72
1327.88
1951.85
1527.01
1715.93
1732.23
1311.44
2922.15
1101.46
1710.26
1518.39
1544.51
2233.99
3241.52
1006.75
2958.97
934.78
1827.11
1890.64
1712.72
1121.41
1511.91
1388.47
1139.77
2084.28
969.64
1504.03
1589.95
3260.79
2244.09
2102.37
2609.66
1228.70
1557.77
1760.67
1224.82
1997.80
1403.80
982.24
1463.39
1544.52
1269.78
3196.96
1277.99
2067.58
743.24
1745.94
2685.93
3029.96
2099.66
515.84
973.02
2141.84
744.32
1311.71
1769.05
1456.25
1918.22
1473.06
2254.46
1399.58
2067.92
1095.06
2005.40
1890.95
1472.48
1535.62
1621.46
1544.13
717.11
916.91
968.54
1613.63
2411.52
1113.88
1509.57
991.07
1375.16
1233.00
2964.77
1975.22
3147.19
2634.98
1250.31
2763.60
2828.44
1489.66
1582.31
1079.77
1223.10
2618.47
1298.21
2833.03
1896.38
2586.40
849.71
1563.44
1298.97
2326.74
1737.08
2035.62
1552.17
1613.12
1122.77
1618.79
2128.48
1331.85
1553.82
1858.09
3095.49
2152.61
1399.80
1192.55
2428.92
793.55
3029.20
1216.23
1342.33
1771.11
1690.01
2598.39
2169.02
545.82
1177.15
2282.20
3174.61
2544.06
2118.60
1430.36
1739.19
2716.28
2788.57
2062.95
1598.42
1903.17
1456.77
2857.36
2180.90
1919.93
2509.82
3687.17
1905.33
1847.02
1122.06
994.35
1441.08
2301.12
1047.75
2163.38
1551.21
924.92
1496.35
1752.81
2454.59
1140.68
1263.76
2442.19
1245.50
1109.22
1563.79
939.38
1414.92
1320.89
1950.37
2454.12
1275.40
1877.93
1312.13
1111.31
2336.57
2890.12
925.37
1766.55
1474.75
778.49
1376.01
963.53
1412.54
1109.09
3254.14
1815.92
1718.14
1115.32
2392.19
1053.97
2390.18
1227.21
1977.86
3760.82
2132.50
1660.58
1165.99
749.23
1738.50
1421.13
2451.56
1168.86
2964.09
1877.91
2220.16
2055.57
1809.79
1088.37
2265.35
2360.62
3413.78
1237.41
1675.99
1743.71
1467.80
1777.88
982.60
3029.35
1471.67
1714.38
1428.27
1157.17
1805.63
2206.84
1350.96
1996.58
1846.94
2949.77
1085.87
1433.54
2912.24
1746.13
1592.68
2557.36
1679.76
1707.20
2052.98
1719.83
1726.55
1503.85
1691.32
1530.24
2510.93
1313.92
893.96
2293.28
2271.06
1440.30
447.81
1217.43
1406.74
1227.96
1870.33
961.59
2650.81
2399.91
3243.60
1371.70
2019.93
1587.94
1030.37
1507.76
1815.31
2151.99
1799.76
2162.47
1353.76
619.25
1564.56
2045.63
1227.71
1623.35
1928.38
2234.38
1958.00
1593.30
1585.59
2480.76
1800.82
987.71
2065.69
1470.31
3183.40
1123.08
1936.55
1496.34
3609.88
1149.70
1540.91
1945.24
1729.85
2252.30
1040.28
1416.13
3100.53
2588.03
3147.29
1454.92
593.86
2770.90
1138.36
1246.10
1633.18
2806.52
1757.01
1391.85
1689.97
1390.44
876.98
1650.67
1329.40
1310.42
2629.28
1666.85
938.40
1595.05
1456.59
2482.62
1888.61
3315.22
1439.76
1119.25
1057.31
1903.20
1817.88
1646.72
1578.47
1745.41
789.79
1591.39
1027.12
795.72
1393.15
1850.44
3105.41
2730.48
1683.84
1594.77
1107.47
1445.66
2064.46
896.35
1968.12
1814.82
1835.38
795.76
879.70
1902.00
1648.80
3508.70
1171.76
3621.71
2013.43
1286.66
2754.93
1266.76
1523.20
3558.60
1598.08
988.72
1271.68
989.79
958.64
866.16
1395.31
1811.82
2315.47
1677.33
949.66
1162.32
823.91
1457.41
1369.45
2898.89
1148.61
3223.76
2914.01
290.90
1854.60
1533.48
1107.96
1718.80
2349.31
1549.65
2150.36
2299.99
1817.45
1135.93
543.31
1470.74
1449.78
1585.57
1532.44
2093.05
2918.14
479.82
642.68
2533.80
1655.94
814.02
981.72
1137.82
2113.50
1454.33
1582.29
2308.20
532.29
2303.60
1112.44
1444.34
1501.88
1836.34
1515.41
2809.86
1907.81
2101.67
1990.24
1525.80
2943.88
1085.91
1412.63
1452.51
1381.85
2820.96
2846.80
1786.34
1811.64
1634.41
2108.44
2174.50
1012.29
1325.34
1252.25
1099.93
2150.69
2432.31
1388.26
1601.51
3380.45
3058.09
3440.63
609.72
1584.56
1231.49
2378.69
1520.51
1243.62
1681.07
973.59
2756.79
2184.40
2553.27
2179.32
1581.94
1311.72
3632.31
2510.92
635.94
1310.44
1450.88
1510.48
1615.90
2398.02
1321.28
1755.00
1322.95
2482.72
1602.95
1211.24
1413.99
1636.25
1108.06
1361.92
2660.70
1381.85
698.84
1094.87
1268.21
1462.46
1633.34
1583.93
2946.15
1650.91
679.49
2737.34
1412.53
1443.29
1304.10
1246.61
2566.87
1531.73
2009.77
3183.22
2109.60
1669.13
1321.51
1477.66
2817.66
2111.48
2359.05
2160.99
774.59
2207.42
2024.32
1861.05
2387.98
1810.34
1177.25
1343.21
1079.23
1875.93
1007.50
407.44
1081.69
730.94
1261.83
1460.74
1412.16
924.51
843.19
1620.83
1418.23
1013.21
1420.03
1613.89
1378.63
1818.34
2047.72
1605.92
2667.76
486.92
2330.39
1839.38
1089.46
1290.54
1479.07
2180.12
2149.75
1672.84
1694.46
1039.66
2064.47
1728.42
2633.56
986.36
1314.38
1339.04
1557.13
896.86
1363.80
680.30
1457.91
1881.67
3302.27
826.84
3143.17
718.71
1386.74
1689.10
1582.06
2159.54
1702.13
2392.92
3041.98
1421.43
1065.18
1205.32
1876.16
1839.81
1034.95
2207.03
2495.25
1784.99
1273.84
2286.11
2638.88
882.72
2125.80
1240.21
1535.40
1191.92
1490.60
1634.20
1702.70
1876.89
3055.96
1940.43
3067.90
1580.91
1398.36
1708.14
3289.97
1147.46
1775.45
1126.23
1087.22
1545.72
1536.01
1942.51
1388.85
1111.72
1419.10
1592.56
3026.49
1575.03
2391.55
704.18
1790.96
1482.49
1383.80
1484.46
2282.97
2048.83
1765.66
1798.09
1498.15
2085.26
1752.53
725.15
2481.50
1056.56
856.68
1899.57
1091.26
1760.58
731.50
2926.04
2674.52
2192.70
2105.77
1312.93
2366.67
1913.40
2153.91
2544.62
2335.50
1173.23
1322.46
1708.72
851.39
1771.24
1676.12
1677.87
2864.70
1855.04
1960.03
2422.40
1364.33
2261.35
2725.87
2303.57
862.00
1051.35
1222.61
1500.50
2807.60
2766.34
2719.09
1872.33
1632.18
1684.28
2146.72
2302.24
2656.23
1914.60
1007.35
1225.22
1091.94
2129.55
1520.55
1930.43
861.27
1280.95
1161.33
1394.07
1526.04
1079.38
542.25
1264.80
1262.45
2591.82
1520.06
709.16
2074.85
2916.35
712.49
967.96
1800.34
2107.80
1255.47
1718.88
2394.76
2302.72
2278.86
2178.41
2338.52
1310.33
1921.37
2101.50
1231.03
974.44
1060.66
1677.66
1742.72
818.62
2288.96
2429.86
1787.98
2334.30
1482.53
1063.33
2030.77
2911.98
1853.06
1600.48
2197.97
1300.46
1206.15
1835.42
1800.06
1218.15
993.02
2850.60
1732.00
2730.42
1894.46
2692.22
3040.52
2205.73
2200.95
1580.15
1772.81
1811.86
1672.39
1993.99
1486.50
2134.84
1898.43
1571.53
2004.38
1518.64
1241.89
829.18
2447.61
3083.60
1369.86
895.01
976.73
2219.33
1590.38
776.95
775.80
2615.30
2153.14
1656.08
2562.49
3567.08
2382.30
2579.28
1725.94
1540.66
1422.19
2146.84
1294.67
2992.96
673.05
1517.22
1186.58
1581.65
2240.19
1399.48
1706.71
1362.60
1765.91
1993.89
749.62
1293.39
1347.28
1637.68
1661.77
1739.70
907.37
2325.75
1606.20
212.49
895.82
1826.35
2338.52
891.01
1058.17
2685.46
916.06
976.99
1845.24
1931.07
2163.78
2022.03
3619.37
1459.23
1681.42
1184.97
3000.70
2657.42
2350.75
2208.29
2087.45
1067.11
1632.29
1136.31
1597.91
1787.04
987.92
1411.01
1513.05
2288.78
1035.18
2266.71
2982.58
1545.91
982.70
1543.49
1385.33
1541.64
2221.01
1788.91
702.45
301.04
1117.17
2137.04
1982.51
2763.09
1643.24
1472.76
2367.62
3310.36
1973.27
760.72
1942.43
1848.18
2625.47
3151.58
2052.61
1628.28
2112.64
1409.26
1271.10
1329.57
1033.10
1569.44
2337.84
2601.52
1190.29
1614.54
489.60
1940.63
2244.02
1479.08
750.09
1013.03
1958.38
2797.77
2157.14
1010.73
2312.54
1285.06
871.60
1759.98
1335.58
952.28
704.10
1143.65
2389.24
2180.73
1386.41
819.96
971.18
1210.54
918.42
3382.10
1178.32
1784.40
1328.80
2346.53
1492.59
2391.04
1368.98
1427.26
2170.31
2712.18
671.22
3526.22
1521.78
2078.59
3263.27
1148.16
1300.37
853.50
1672.23
2971.70
1287.98
1286.50
2199.56
681.98
1169.12
1027.09
1691.74
1698.59
2045.23
1018.33
1197.71
1538.52
1384.65
2082.93
736.91
1884.93
1346.40
2682.85
1045.59
1934.64
2693.84
1839.12
1990.12
1012.55
2443.60
1378.89
2073.62
1585.70
2350.75
2537.00
1145.29
1350.97
927.60
1288.78
1691.81
1374.96
1931.76
2298.29
1390.94
1921.45
1612.50
1348.94
1773.52
2521.18
1227.76
1945.70
1812.27
2279.60
1578.43
984.13
1416.58
2141.45
1972.64
1337.10
1990.23
2120.28
2012.38
1490.62
1562.07
1823.84
1328.94
1851.58
2664.77
2356.57
921.24
1562.57
985.55
2082.69
1780.34
627.06
1543.93
2419.55
3448.25
1837.23
1350.84
922.62
1157.23
3137.46
1202.42
2244.24
1248.88
1099.28
1874.30
2749.51
1237.71
1805.43
1560.01
384.34
1531.36
2543.74
2013.12
1574.37
1512.67
2498.80
1681.88
1485.57
1840.11
1984.52
1188.36
2846.20
1517.33
2796.61
1185.61
2069.40
1394.16
1582.07
935.79
728.53
1781.25
1395.63
2751.00
890.10
987.28
1777.94
1778.43
985.78
1318.35
3206.89
787.04
2447.96
1095.13
867.49
1602.83
1344.55
2470.38
2327.61
1436.75
2347.93
2041.34
1846.68
1251.24
665.35
1243.64
1479.14
1685.06
771.34
1964.70
2192.65
1146.12
1897.27
1160.40
883.43
1968.39
1155.74
252.08
1454.53
2297.56
1786.51
3104.45
2292.91
2132.29
2431.16
2871.12
1429.91
1788.89
2552.93
910.85
1573.50
2133.58
2262.88
1250.81
2967.42
1177.63
1713.76
1585.60
1396.82
1308.53
980.26
3636.92
1324.40
1620.32
3328.27
903.15
1848.19
240.98
3385.05
1113.80
2078.93
1708.58
853.70
1901.99
3251.72
2168.09
2714.58
847.88
1639.73
1787.54
1924.36
1342.13
3438.41
984.47
1766.01
1560.35
1577.14
322.71
2111.99
580.21
328.55
1265.21
1468.13
2248.60
2013.63
1968.30
3100.40
1654.43
1613.82
2884.95
1464.03
1173.56
1861.03
1351.81
1517.18
1163.99
1442.37
1709.63
2916.41
1583.14
1100.60
1502.99
1377.74
1928.09
888.32
808.35
1168.26
922.93
2165.62
1024.51
1889.87
1442.85
1972.58
1120.27
1815.09
1028.11
2840.64
1925.68
2641.10
1251.35
1481.95
1227.90
2044.06
1805.27
1111.26
1893.23
1105.55
1380.78
775.96
1080.45
487.92
2749.85
2331.06
1896.54
1686.15
1524.95
825.15
1537.44
1883.70
1515.31
691.86
2132.87
2401.98
594.59
1390.31
1027.71
1164.70
1449.76
2447.80
1331.09
572.60
1523.14
3525.26
2448.31
1895.57
2391.81
2081.32
1833.38
2423.11
1224.94
968.03
1473.19
2577.57
1375.96
2849.44
1245.62
1708.24
1908.69
2267.76
895.98
2295.24
1898.44
1827.30
2928.81
1376.06
1035.23
1836.94
1664.78
1234.93
1837.52
2932.38
1709.53
815.56
1746.57
1062.37
1117.92
359.01
1755.46
2252.89
1801.90
1641.08
1384.69
2156.51
2596.62
1556.57
1156.58
1464.88
938.24
3111.50
1807.34
1574.19
2388.13
1831.84
1963.13
1934.89
1979.15
766.07
862.18
2821.54
2478.88
1935.94
1406.30
2145.69
1153.39
1396.34
3512.03
2421.43
2784.81
2447.73
1321.84
1895.55
1429.39
1806.49
1140.86
2658.41
1066.69
1276.18
2282.69
1700.34
1608.15
1649.55
2157.61
1602.24
1359.01
1116.13
2850.25
3104.01
1713.61
1325.58
1005.95
1646.06
1282.90
2412.00
1233.22
2137.10
1011.33
2181.84
711.20
1732.65
1307.53
1020.08
440.65
2158.28
2248.19
880.47
1506.26
2992.14
2973.24
1521.19
2308.89
1635.77
2933.70
1579.12
1506.43
2916.44
1675.01
780.54
2002.46
2336.18
1741.51
1784.58
3202.82
2570.07
1493.61
2976.16
1772.57
1540.04
1745.85
1210.78
2351.40
1415.47
2510.05
2616.23
2074.87
2014.13
2954.01
1460.84
3541.35
1499.87
1741.10
2260.96
2441.08
2272.98
882.79
1440.97
1276.33
3701.84
2722.75
1307.15
2128.84
1972.11
2002.94
1749.19
1011.97
1405.06
1765.16
507.61
3772.13
2245.48
3540.76
2379.97
1733.14
2421.40
1742.87
2322.49
483.08
2740.87
1544.25
1077.34
2344.98
1501.69
1261.03
2555.76
2797.71
1469.18
2474.93
1873.86
1556.31
2284.62
1104.95
1381.96
1167.93
1200.73
788.11
771.55
984.90
1637.80
909.12
1920.07
864.12
2300.00
2594.38
1928.18
2901.87
2139.32
1712.99
1450.14
1957.55
2313.15
1379.54
636.29
1598.78
1662.00
3124.96
2210.63
2710.14
707.46
753.34
2342.68
1048.13
2994.94
1313.64
2521.61
1154.90
2033.25
1569.47
1049.48
1294.53
1488.73
3452.26
1279.82
2163.69
2286.35
1434.19
1513.88
2139.40
2436.16
2323.80
2668.14
1074.25
2994.82
1101.61
1056.60
1952.90
1498.49
1729.47
1512.02
1327.58
1321.64
3251.03
1848.91
1897.86
1280.87
1333.51
1995.49
601.28
1545.88
1802.07
3586.08
3182.61
626.09
733.76
1482.88
3350.45
1276.36
2192.28
943.81
1488.22
1943.76
1004.85
2927.90
1742.82
1363.20
1814.72
1961.44
1512.65
1328.60
742.85
1931.87
2722.72
3477.77
2666.16
2198.44
2635.69
939.28
2100.68
3171.46
1770.94
2019.18
558.73
2572.90
1369.78
3145.36
602.97
925.64
3044.19
1964.76
1370.57
828.44
2366.96
2352.85
2092.34
1722.71
1558.87
2800.84
1177.85
1798.51
2503.94
1518.38
979.56
1633.30
989.74
1697.16
2059.12
1606.94
1919.20
3001.80
3590.90
1560.88
2221.88
750.13
920.58
1552.41
978.11
1566.36
1452.93
2759.38
1121.11
1836.66
2787.45
2888.98
1641.08
1897.84
2711.20
736.79
669.01
745.66
1632.00
1398.25
2892.17
1886.59
2213.42
2314.12
995.35
1599.50
550.88
1190.28
2908.18
2051.83
2654.23
815.06
909.20
1410.04
1247.18
1874.39
1229.48
925.93
1517.61
1442.15
1886.86
994.32
2162.17
690.50
726.51
1802.77
1718.25
1835.79
2094.84
2882.31
2268.05
2662.61
3481.59
1230.95
2092.39
1996.12
2711.22
1138.39
1986.56
2793.63
364.46
3105.62
2084.16
1755.20
1676.01
1505.92
2448.32
1242.98
1489.89
1861.03
1758.70
916.58
2253.88
1654.23
3070.69
1043.14
1401.24
1910.47
717.37
1708.19
2059.74
1064.21
1316.05
2561.24
1819.97
927.27
2974.45
1486.68
1370.16
2307.01
2063.18
1123.70
1099.48
2414.68
1565.76
1252.66
3248.34
1829.45
1678.29
947.34
1969.56
951.10
908.39
1190.37
1352.11
407.08
2660.51
516.89
1908.48
1589.89
1895.28
2057.38
1733.59
1717.90
1951.41
668.77
804.62
1710.50
2102.57
1497.80
2514.72
1804.21
2914.49
1333.68
1583.54
1652.55
2590.03
445.10
2936.60
1398.33
1093.19
933.98
811.19
3319.60
1426.24
1390.43
2785.52
3259.40
1349.93
3034.06
2521.86
1240.79
1890.72
1864.08
2954.32
1745.02
2731.83
2013.01
1594.85
1751.78
1038.64
1268.58
2604.80
1884.62
1777.36
1229.90
2144.08
1373.94
1542.19
1938.34
1977.52
1858.29
1042.24
1626.22
1252.47
2582.03
1208.97
2977.03
1605.85
1630.90
2772.80
2074.70
1379.06
1501.41
1907.14
1852.37
1096.97
1110.63
1949.55
1578.24
2091.05
2445.61
1616.96
1200.10
978.00
1043.24
2492.31
2452.42
1474.29
2379.26
1765.58
1847.78
3622.66
1856.95
2890.32
2593.34
2503.16
1066.92
622.72
1820.04
2825.54
2545.17
1783.36
2951.64
2310.08
2091.57
1610.01
1100.99
1214.96
2258.19
1699.72
1924.58
1131.98
1837.36
1559.17
944.08
3632.94
2113.67
2289.68
2169.36
1033.07
1070.95
2211.47
2834.43
1701.15
1611.38
1184.80
2092.65
2553.94
1940.59
1595.55
1909.69
3300.88
506.44
921.54
1608.66
983.59
1556.03
1522.59
3310.24
979.98
1570.72
1535.44
1641.19
1865.34
1684.83
1364.93
1002.83
1607.83
1997.77
2449.06
1059.22
2253.72
2189.28
1617.67
1182.06
1731.21
2033.12
1089.28
1751.28
596.22
1157.07
1730.02
1272.52
1817.59
1668.84
1635.56
2980.82
2089.39
3039.14
2588.27
2560.50
1740.72
2116.84
1584.44
2162.28
2309.26
3649.70
1540.79
3113.74
1894.92
2815.91
3094.91
1382.13
1087.60
2763.78
1842.05
1559.55
1235.38
1506.32
2342.97
1952.32
3149.64
1492.39
2143.45
1119.99
1734.89
727.69
1095.30
2198.75
1150.79
1378.99
2940.79
2820.88
3127.06
1740.85
1078.15
968.19
1340.39
3830.21
2683.99
2266.62
2079.06
1546.64
1134.93
1572.11
1638.92
1744.25
993.84
1818.28
2272.31
2131.88
2669.32
1683.29
1054.95
2447.82
1230.31
2805.52
1308.62
2610.50
1332.83
1335.37
1196.66
1840.61
1870.18
2981.85
1272.26
1569.04
2994.68
1640.14
2350.97
1870.36
537.83
1386.75
783.54
1348.15
2658.35
908.09
3107.04
1847.38
1358.23
1390.48
3529.99
3331.50
1570.36
1509.94
605.75
1084.96
1223.72
2209.26
1684.34
2214.92
2064.39
2190.38
1477.40
2718.33
855.57
2594.48
2697.22
2089.68
2109.56
2116.36
1588.86
1422.72
1225.44
1707.76
793.44
1436.81
1607.41
3074.59
1120.74
1814.97
2005.40
1036.05
2852.09
935.96
1308.58
1911.68
1504.07
3086.47
2627.97
2905.74
1303.77
2013.02
1178.73
1571.19
1624.88
1721.71
2027.98
2708.06
1307.66
1146.56
1928.66
1241.74
1914.28
1186.60
1576.56
1658.87
1642.29
1144.44
1075.54
1671.11
1287.79
801.64
976.93
457.64
1888.99
2283.46
771.62
2879.83
1750.45
1625.09
2805.53
1869.64
1884.95
1205.24
1657.18
2789.99
1593.51
1852.74
2028.38
1681.92
1754.01
2058.66
1305.68
1035.93
3067.12
1902.82
1912.58
1518.71
3279.15
1058.76
1172.52
1532.63
2824.50
1402.58
1178.86
1211.91
1142.06
1779.36
1175.00
979.24
391.52
1557.95
1169.79
1284.94
3033.58
902.24
2637.06
1366.91
3074.25
2067.44
1758.70
1185.38
1938.44
1941.97
2951.44
740.68
1302.24
1182.45
1715.91
748.88
1384.28
1790.73
2683.08
2403.28
1547.18
1375.29
2631.59
1987.53
3836.80
2438.20
1712.24
2112.58
1685.38
751.22
3076.44
1031.25
3385.30
683.68
373.28
779.77
1653.58
1575.77
3208.48
1065.05
1814.68
1510.97
957.88
1440.99
2254.24
1577.03
2025.91
3734.04
744.30
1834.68
1029.85
3370.72
1089.21
1676.86
1145.38
2622.03
1307.46
1766.40
3384.81
2145.37
1367.51
2112.90
1688.38
1615.96
2395.61
2165.89
1094.47
2440.08
1397.80
1460.94
1081.60
1648.39
1131.01
1870.14
1629.21
1826.87
1945.46
3007.78
2118.32
1038.65
1761.03
1616.59
1816.83
974.56
824.13
1816.65
2810.47
1944.96
1450.55
3364.94
1038.24
1833.91
2919.08
2087.93
622.31
1224.53
1999.28
2847.52
955.84
812.32
2243.93
2876.73
2334.40
1857.09
1348.91
676.04
1967.01
1397.45
1231.07
2810.26
1394.51
3326.79
1341.80
3125.22
1979.27
2481.87
2763.25
900.80
1625.66
1534.93
1887.22
2395.73
1321.22
1569.64
1923.04
1695.24
1109.48
1039.16
1198.60
1762.00
3321.09
1358.39
2028.59
1799.21
1448.16
1361.32
1439.32
1736.79
1192.42
2044.65
3447.21
1138.11
1349.05
1346.93
1456.17
3383.79
763.63
3015.95
1456.92
2888.04
1616.11
1971.47
741.88
2700.86
1498.39
1712.25
1367.64
1273.30
1085.03
3025.31
1377.88
2289.89
1522.00
1844.05
1593.83
2413.44
2457.15
2228.11
3102.80
1895.85
1477.24
1091.34
1540.00
2205.93
2977.04
1886.07
1004.24
1404.66
2294.37
1778.22
2617.40
3179.75
1325.36
1952.37
2074.19
2695.43
1156.80
2676.73
1157.29
2767.66
1866.42
1766.97
1759.62
1000.08
1299.00
1665.69
1056.12
2749.55
1582.74
2561.00
2497.76
1318.07
3671.79
3085.26
2554.30
1670.44
460.73
1656.57
1547.71
2323.84
1916.64
792.10
2226.01
1201.07
1642.01
2110.21
1527.27
2164.59
2862.66
1180.69
2522.30
1986.43
1562.02
2091.77
1368.71
1226.09
3595.69
1739.71
1696.21
1743.45
1706.30
1701.05
765.22
1418.80
2253.30
1028.77
1365.83
1498.59
1602.99
2257.44
875.76
1011.71
1890.03
2047.58
1596.16
1272.64
2437.67
2360.69
2097.86
766.02
2218.14
845.11
1218.47
1444.25
1078.65
826.76
1446.65
943.48
1921.29
1719.49
2159.64
1793.87
1950.11
2240.10
1464.01
1789.60
1413.33
1589.27
1525.07
2235.45
1372.16
702.97
1166.93
613.10
3341.50
1825.29
1049.29
1584.02
464.12
1093.26
2300.82
1240.09
1380.68
2838.23
1290.40
1211.37
2039.39
3123.94
1814.79
1772.93
1605.77
1237.24
2364.76
1845.33
1908.77
1989.20
1782.74
1052.39
1674.88
1361.32
1344.95
2595.45
2380.40
2064.84
1543.80
2290.92
862.37
1308.55
2051.28
1598.30
1525.55
725.75
1225.12
1713.44
1053.89
2569.98
1846.92
1841.23
361.55
1577.99
3560.02
2033.50
910.04
1388.12
1912.97
1937.15
2182.10
2856.09
1370.37
1501.28
868.19
1531.99
1437.90
939.29
1964.07
278.89
2414.69
730.82
821.40
2914.32
2030.07
2508.22
1840.38
1879.95
2080.76
1194.17
1953.81
2057.97
1996.92
1027.44
986.44
1733.29
2992.14
2557.94
962.24
3165.54
2747.14
1490.61
1418.42
1141.74
1655.05
2297.14
1957.63
3006.66
3062.58
1661.28
811.82
1561.38
2462.49
2368.66
1629.01
2933.23
853.94
2009.14
2359.60
3443.41
1911.65
1161.25
3059.38
1933.44
1043.98
1752.35
1565.88
1950.17
1765.13
1341.53
1286.90
1845.02
2157.34
1041.31
1143.76
2257.53
2680.15
901.47
1596.62
1467.12
1887.75
1876.97
3479.84
1367.31
1044.32
1635.39
2616.48
2931.19
947.98
2426.51
1247.62
1434.62
1381.19
1839.56
2462.26
1576.90
1241.68
2307.89
1923.83
1106.25
1709.97
3461.86
1919.76
1941.31
1695.15
1674.82
2058.72
1867.40
3002.78
2199.93
1147.71
1474.32
1672.78
1303.75
2236.72
2141.82
2381.20
1408.03
1778.45
2152.64
876.98
1628.00
941.64
1862.25
1846.66
2643.38
1484.64
901.92
1194.02
1535.87
1820.11
1546.24
3183.48
3072.65
1170.86
2583.79
879.06
1776.03
1291.66
2001.13
1236.70
1049.65
1844.22
1798.88
1493.89
854.62
1651.42
1515.70
1617.35
2753.05
2626.25
1395.20
2678.20
1654.96
1524.23
1453.40
1296.68
1668.85
1507.04
2671.95
812.95
1285.14
1774.84
819.76
1871.91
2449.31
2232.78
1304.39
2991.75
1502.97
2456.17
3342.12
1115.43
1874.96
965.13
990.36
1467.68
874.59
3145.26
2363.27
2351.48
2248.89
2751.74
450.32
3177.63
1420.33
1434.96
1751.73
1498.74
1079.46
3011.81
937.61
1384.40
1668.16
717.06
1800.73
891.41
1001.10
1498.07
1754.12
1229.84
3102.19
1571.38
1190.69
2894.52
1515.74
2010.76
1926.95
2262.14
1435.67
1022.08
1715.60
3020.67
1037.70
1012.05
1173.39
1840.12
3620.97
1418.70
2023.74
1504.01
1565.62
3017.21
1050.59
2129.65
1147.07
1904.92
1476.23
836.60
2294.12
1644.20
1444.24
3310.87
1885.10
1167.76
2563.30
2082.33
2389.99
1718.38
1072.74
1053.54
1190.70
2640.90
2236.31
2053.76
2169.42
1353.42
1420.70
1108.39
2207.43
1737.15
1126.39
1826.78
2522.19
3367.02
1220.74
2250.71
1565.91
956.22
448.41
1664.19
1369.84
1636.38
1512.32
805.96
2889.15
1871.38
1437.92
3229.92
1575.10
1288.79
1278.70
1860.52
1068.76
1431.02
1836.02
1153.71
908.56
896.45
1337.65
2209.98
3053.46
2114.82
3265.88
1167.53
2652.19
1448.14
1026.98
1790.58
2417.11
1318.49
2701.95
1465.04
2301.01
1525.78
1849.24
1804.03
2088.17
1295.91
1330.46
2374.81
1758.67
1030.28
1103.66
1203.42
1236.13
1660.26
1664.59
1325.82
2337.89
1506.32
1907.07
346.06
504.65
1900.67
1830.86
1213.70
2221.60
1408.45
1413.39
895.46
1654.76
1295.09
3309.77
1085.78
1630.39
1613.30
878.52
2213.28
2033.32
784.17
1333.11
2570.71
2755.47
1708.41
2679.75
1564.13
708.36
3071.25
3069.45
1664.45
2035.08
1283.77
3140.58
1244.38
2145.75
1081.95
1377.57
1064.59
1543.00
2144.32
1888.73
1240.61
2471.13
831.58
1063.39
1571.68
1324.39
1968.46
1960.17
1947.94
1001.37
1341.97
1394.70
1009.13
2448.36
852.47
1532.30
1432.29
1759.83
1417.02
2740.14
1054.58
815.58
2273.31
1741.24
2357.22
1004.23
1127.74
3006.48
1355.81
1270.42
1957.92
1739.74
1165.05
331.62
3415.14
1245.12
1764.76
1359.45
1912.50
1004.23
2167.11
2047.10
3422.32
2086.30
1925.26
1014.96
1991.67
2564.26
1433.58
1768.37
3475.56
2663.10
1422.59
1935.79
2036.46
1237.93
2257.95
1620.16
823.91
885.86
1758.07
2110.40
1248.43
845.49
2363.85
987.97
2797.31
1385.23
1495.62
2506.61
2630.33
2170.06
982.03
3404.05
1492.54
1560.30
1985.33
1455.07
2741.80
1970.82
942.94
1222.28
1487.08
3096.65
1019.12
1456.28
1711.57
3261.31
2175.00
1305.15
2215.83
1496.75
3154.69
2252.62
1583.57
1751.79
3012.02
1615.73
764.29
1985.79
1257.68
1094.32
3100.89
1322.28
1987.12
1247.88
2196.35
1135.91
3325.00
1954.17
2439.79
1815.81
2120.12
1682.80
819.72
2390.61
1008.01
1479.47
1518.81
1239.85
1316.52
1964.53
1966.07
2421.70
1528.02
919.02
1489.28
2179.97
2958.19
652.38
1269.41
1017.74
2524.83
1472.12
2071.45
1638.07
1394.32
463.25
2662.77
1763.01
1511.60
2283.58
1167.71
2472.50
1660.49
1432.50
675.31
3359.61
982.45
1813.39
2472.61
1453.04
2297.32
1305.49
1655.87
3402.84
437.96
1569.38
502.46
2236.09
774.43
928.94
2147.20
1736.86
930.58
1452.68
1661.28
1996.17
2147.43
525.27
3010.34
1397.95
2555.43
1149.04
2210.50
1777.82
3107.26
2598.57
1846.53
1104.70
1824.76
950.04
1900.43
2643.95
1328.37
1423.88
1671.86
1466.83
1778.22
288.64
2345.92
2513.90
1331.39
1181.63
876.29
2574.56
1510.46
1669.79
1722.70
1361.92
1576.69
1766.08
1114.86
1697.96
2061.42
1369.22
2190.21
1584.20
2906.53
1943.60
1430.12
1452.34
1032.42
2822.46
1308.04
696.18
1366.53
1062.48
1822.34
1656.78
998.70
2288.90
1368.42
3101.67
1475.96
1002.91
1552.49
898.00
1358.46
1159.48
1404.13
2450.23
1136.76
1237.27
1487.39
1595.97
611.61
1548.62
1396.10
1475.04
2079.51
3677.90
1252.87
1459.58
1094.44
1850.46
1918.20
1262.16
2224.60
864.52
1908.90
1521.20
1758.95
1407.32
1046.58
2284.41
1414.79
1937.55
1212.80
2402.12
1935.32
1418.64
1810.91
1442.35
1817.76
1798.22
1556.29
1403.87
849.01
1712.50
1340.10
1652.27
1487.39
1517.63
2107.86
1954.34
1070.86
1959.70
1484.21
2200.46
1212.93
1844.39
1356.35
1334.10
2731.52
1919.03
1640.89
1088.63
1102.76
2457.20
2186.27
1630.96
1558.58
2240.45
1688.91
1964.06
2646.50
2117.00
1846.84
1733.66
2568.25
1693.51
2388.34
2543.54
1331.08
1142.46
1053.74
3206.86
1112.53
1784.89
1838.89
2283.49
1663.81
1303.46
1832.18
3731.68
423.88
1409.25
1230.24
2930.80
2220.31
1447.15
1395.09
843.12
904.00
1277.58
1720.47
2323.35
1956.25
2279.93
1728.38
1634.28
1703.74
2674.89
1328.98
1738.99
783.68
935.47
1666.29
2133.08
1264.67
2885.52
1601.60
1838.88
1831.70
1841.02
1730.62
1877.12
1667.51
1034.51
1870.85
2013.22
2731.96
832.64
1102.57
2202.13
1945.18
1362.16
593.23
944.45
1639.03
1752.62
1226.60
1182.33
886.20
2005.06
1398.47
1675.56
929.35
2277.14
1577.45
2164.48
2018.80
1697.20
1319.39
790.14
1566.24
948.70
1019.07
1702.16
2394.64
2140.28
2361.52
1211.35
1525.77
1144.03
1413.04
1075.85
1417.85
2459.06
1528.84
875.92
1696.38
3578.87
1418.38
1285.52
2499.81
1783.99
3489.85
1785.78
1193.45
1753.97
1694.11
1263.60
1298.18
2187.06
1433.98
613.74
2133.56
1869.97
1092.96
1208.16
1652.55
1171.15
1535.15
1523.99
1097.09
1824.54
3170.87
2753.58
1989.83
2516.58
1341.26
1506.41
1573.08
3318.40
2174.74
1956.76
2642.70
1928.54
3038.82
1050.42
1575.58
1278.88
1197.61
3138.44
1307.33
1205.24
1563.80
1089.78
1884.22
1075.41
1130.72
1054.31
2081.56
1507.99
1698.45
2907.91
2356.00
1962.94
967.89
2151.26
1532.41
1791.69
2182.75
1298.20
1254.98
2518.01
1081.92
1604.24
1171.07
1984.64
3151.62
1578.19
1211.67
1005.38
1755.24
842.80
1205.81
1153.20
1438.97
2742.46
1825.33
2602.81
1600.13
2255.24
1077.84
1221.52
2331.62
1571.50
1235.75
1391.66
2410.23
1258.59
2092.72
1655.22
1238.47
1797.55
3416.31
2016.39
2683.76
1588.40
924.88
1549.18
1132.86
1578.91
2358.49
1218.29
644.04
2086.39
1662.91
980.36
1317.25
1732.12
1258.23
1694.63
1984.18
1322.86
1046.30
1363.31
1969.25
986.10
781.24
756.80
2564.48
1948.03
1438.19
2157.95
1191.10
2570.66
2420.49
1293.26
1547.11
2216.50
1759.35
1845.67
1853.79
780.45
1137.10
2317.39
2701.14
1678.41
3175.67
1090.88
2313.92
1862.01
1621.45
3489.21
1758.29
2147.81
2266.06
3023.33
3203.18
1250.20
1348.20
855.34
3146.72
999.29
1674.17
3373.59
2839.63
979.03
2315.49
1426.58
1436.66
1171.45
1414.40
2447.70
1063.18
2617.96
1162.94
2798.17
1730.83
1115.16
943.10
1594.08
1741.21
1774.31
2865.77
1258.79
1744.48
1882.93
1696.84
1329.47
1915.97
1101.50
2318.10
1631.02
3071.59
643.72
891.92
3498.88
929.97
1180.83
1919.08
1358.92
2850.27
1677.99
1453.62
2273.01
1611.41
2032.05
3287.16
2617.99
1443.90
1491.01
1670.73
1822.20
1228.27
1340.40
1747.75
1356.22
1233.79
2002.36
2779.88
1308.37
1711.18
3190.18
827.94
1022.21
1975.93
1305.73
1579.57
2102.42
2449.83
1144.21
1174.86
2953.86
1206.35
1352.88
2148.54
1532.56
2189.63
1421.72
1931.27
1053.68
1472.35
2901.90
3275.03
2098.30
1125.30
791.29
1778.76
1546.07
1026.89
1256.52
2109.66
1199.27
3317.20
1435.26
2204.11
3420.38
1629.26
1195.16
1772.93
1933.18
1484.36
758.17
912.29
1151.45
1774.44
1776.18
966.55
1919.79
1850.70
1641.76
2512.43
2084.31
3390.72
2661.77
1507.39
2272.81
1207.37
1213.98
714.52
2451.60
2303.59
1303.55
1735.53
1546.72
2670.71
2796.14
1970.55
1374.80
1434.85
1612.28
1956.02
2470.84
2117.32
1155.44
1390.32
1644.47
1788.51
987.52
1862.50
1730.79
2750.83
1251.73
1612.14
1600.58
642.82
2672.95
2765.50
2121.94
1694.56
1689.67
1207.00
1302.53
1136.16
818.56
2538.71
968.17
3058.58
1443.33
1817.16
986.22
1924.28
2337.91
1764.57
1928.54
1951.10
1305.60
1933.24
758.86
1947.66
3205.75
1274.03
1392.66
1828.80
2517.62
407.06
2668.90
1859.66
1164.74
2500.22
3170.45
382.42
2502.72
519.93
1449.74
1663.79
2912.31
1363.96
3162.08
2599.93
651.53
368.53
1392.45
1212.91
1707.68
1397.41
1161.84
2384.65
1274.79
2832.23
1633.26
1070.96
1046.76
1005.76
1558.05
1785.16
843.78
2601.08
2041.21
1441.68
878.48
1279.18
2477.18
1732.26
1548.66
1397.45
1359.04
2492.34
937.99
1292.35
2418.20
2190.56
2199.19
1773.82
1396.42
1120.82
3318.89
893.85
2179.11
1199.59
1409.44
2109.79
1295.52
2496.36
1577.46
2006.66
1514.09
1916.26
3495.30
1807.57
1162.93
2788.86
1732.81
1427.19
2112.79
2384.88
2387.33
831.82
1154.53
1334.64
1851.35
1335.28
2464.97
2908.71
990.94
1427.88
1590.31
2163.89
857.22
1362.27
1239.49
1755.42
3158.61
818.78
1991.06
1958.35
1905.72
943.77
2349.51
1381.96
2718.81
777.29
1841.32
1094.41
1192.69
1757.13
2019.78
945.06
2320.56
1114.21
892.50
1584.79
1278.24
1141.98
1642.49
2118.73
1147.92
1815.58
1332.67
1148.81
1611.07
2419.44
1510.50
1354.10
1272.85
694.63
779.07
1804.92
1304.18
1875.25
1063.14
1924.48
1022.79
878.78
1644.72
1013.36
1223.24
1378.08
1776.92
2379.01
882.55
2777.37
1816.63
2529.48
1368.98
2489.58
1301.35
2406.24
3665.76
1375.44
1610.88
1511.98
1730.06
1382.01
1251.35
1903.87
1289.18
2143.14
1977.69
2338.18
2824.30
2591.44
1617.19
2869.26
2298.17
1393.35
1511.46
1211.81
2538.37
3674.24
1747.44
2709.37
1373.82
795.31
1347.05
2229.48
1610.39
1940.18
708.94
1387.28
812.12
1388.55
2498.73
1787.74
2546.92
1126.32
731.78
2716.90
2391.84
1270.29
1837.82
1341.93
2432.72
2741.12
801.94
1391.12
1888.26
1413.08
1537.78
2134.89
1994.35
1289.38
836.24
815.69
2335.94
1476.85
2534.14
2149.57
2740.10
2773.85
2372.59
1029.81
1581.82
2458.10
1331.85
1810.66
703.04
1768.44
2173.27
1396.18
446.80
1441.67
1600.45
1704.44
1319.13
2580.10
856.94
885.22
1182.12
1725.80
2918.93
1594.35
1303.32
1895.53
2115.33
1769.09
1403.05
881.88
663.14
1552.92
1502.21
3425.06
445.49
2035.68
1653.64
2970.80
2255.36
3084.50
1613.36
782.19
1949.47
1637.57
2598.47
1799.15
1504.96
2308.61
1192.99
941.71
2034.96
1115.54
1201.31
1783.39
1027.30
1200.12
2145.70
3734.90
1461.40
836.97
1446.51
1316.14
1461.87
1776.87
1694.34
2210.96
1502.24
2632.56
2010.00
2274.43
1142.16
1452.73
3000.79
1240.90
1781.73
1983.18
1183.08
1808.99
1497.57
945.69
2094.47
994.27
1271.82
1141.40
1209.36
1834.85
1021.00
1340.85
2225.38
1123.12
2165.40
1339.60
1493.97
1003.30
2367.23
3628.97
1355.26
2616.32
1294.95
1633.55
834.51
2083.63
1302.36
2012.83
1546.95
1769.95
934.61
1498.14
1529.65
1818.08
1245.53
1416.43
1628.08
908.84
1778.64
2509.96
1793.13
2139.97
2274.47
1611.68
2933.04
448.43
1364.04
1237.42
1470.70
1156.34
2656.69
1331.28
1485.63
1261.80
1897.32
1238.31
161.96
1196.45
1363.82
1942.37
2175.99
3081.64
2679.18
2521.41
1422.72
1579.61
1037.20
1541.64
2545.43
1139.40
913.00
2876.78
1439.25
944.28
1512.24
1794.77
1984.46
2775.93
1904.65
1568.74
2175.69
2960.18
2362.18
2153.32
1505.89
2203.91
554.06
1339.72
651.44
3195.04
1777.06
1635.90
1430.36
1255.81
1560.03
1736.35
803.16
1721.22
1851.50
1492.24
3209.63
1571.18
1331.01
2108.26
1445.24
1054.94
1102.33
1609.05
1264.43
1601.60
950.19
2836.47
1708.95
2469.73
1474.14
1107.92
1983.26
891.33
1256.20
1484.24
1218.62
1456.78
1424.47
1435.45
1042.32
1471.25
3333.11
2956.09
783.24
2808.49
1650.16
1966.20
1039.15
1755.63
1549.88
667.00
1521.04
1709.19
325.58
1511.90
1621.57
2196.78
1608.25
2384.44
1285.21
1651.27
2731.86
936.00
2769.93
943.26
1766.23
1446.80
1012.56
3106.99
1861.26
2391.04
1746.67
1398.40
3205.89
1228.04
1846.69
1393.24
1353.33
1429.46
2806.04
542.74
837.42
1098.70
1199.96
2199.06
870.26
1332.05
3254.77
1447.39
1238.96
480.90
1358.29
1213.85
1026.79
1085.41
1011.51
2073.57
1439.82
3685.92
1877.86
3205.50
1185.71
1599.59
1692.11
2683.30
1518.28
2755.05
1014.59
1870.69
2090.16
1081.27
3637.04
2314.49
2738.78
1591.74
1784.35
819.29
1343.93
1225.02
1728.03
2516.40
1503.28
1512.70
1783.32
3108.94
2224.78
441.89
1971.67
1832.61
1727.99
1205.04
1407.32
1439.80
1514.06
1155.28
3526.36
2197.14
1922.87
2038.93
2150.48
1556.16
1311.27
1707.91
1704.86
1271.42
593.42
2211.08
2612.64
1396.84
1275.94
3381.48
1163.17
552.77
916.71
2082.07
1113.88
